0 0
0 0 450 0
0 0 450 0 225 450
0 0 450 0 0 450 450 450
0 0 450 0 900 0 225 450 675 450
0 0 450 0 900 0 0 450 450 450 900 450
0 0 450 0 900 0 225 450 675 450 225 900 675 900
0 0 450 0 900 0 0 450 450 450 900 450 225 900 675 900
0 0 450 0 900 0 0 450 450 450 900 450 0 900 450 900 900 900
0 0 450 0 900 0 1350 0 225 450 675 450 1125 450 225 900 675 900 1125 900 
0 0 450 0 900 0 1350 0 0 450 450 450 900 450 1350 450 225 900 675 900 1125 900 
0 0 450 0 900 0 1350 0 0 450 450 450 900 450 1350 450 0 900 450 900 900 900 1350 900
0 0 450 0 900 0 1350 0 225 450 675 450 1125 450 225 900 675 900 1125 900 225 1350 675 1350 1125 1350
0 0 450 0 900 0 1350 0 0 450 450 450 900 450 1350 225 900 675 900 1125 900 225 1350 675 1350 1125 1350
0 0 450 0 900 0 1350 0 0 450 450 450 900 450 1350 450 0 900 450 900 900 900 1350 900 225 1350 675 1350 1125 1350
0 0 450 0 900 0 1350 0 0 450 450 450 900 450 1350 450 0 900 450 900 900 900 1350 900 0 1350 450 1350 900 1350 1350 1350
0 0 450 0 900 0 1350 0 1800 0 225 450 675 450 1125 450 1575 450 225 900 675 900 1125 900 1575 900 225 1350 675 1350 1125 1350 1575 1350 
0 0 450 0 900 0 1350 0 1800 0 0 450 450 450 900 450 1350 450 1800 450 225 900 675 900 1125 900 1575 900 225 1350 675 1350 1125 1350 1575 1350 
0 0 450 0 900 0 1350 0 1800 0 0 450 450 450 900 450 1350 450 1800 450 0 900 450 900 900 900 1350 900 1800 900 225 1350 675 1350 1125 1350 1575 1350
0 0 450 0 900 0 1350 0 1800 0 0 450 450 450 900 450 1350 450 1800 450 0 900 450 900 900 900 1350 900 1800 900 0 1350 450 1350 900 1350 1350 1350 1800 1350
